{
  "det_data": [
    {
      "id": 0,
      "corners": [
        {
          "x": 586.87,
          "y": 557.97
        },
        {
          "x": 622.76,
          "y": 560.96
        },
        {
          "x": 623.49,
          "y": 521.23
        },
        {
          "x": 587.1,
          "y": 519.05
        }
      ],
      "center": {
        "x": 604.86,
        "y": 539.92
      },
      "pose": {
        "size": 0.15,
        "R": [
          [
            0.934007,
            0.002444,
            -0.357247
          ],
          [
            -0.010782,
            0.999714,
            -0.021349
          ],
          [
            0.357093,
            0.023792,
            0.933766
          ]
        ],
        "t": [
          -0.122443,
          0.686357,
          3.818118
        ],
        "e": 0.000001,
        "asol": {
          "R": [
            [
              0.91158,
              0.135112,
              0.388287
            ],
            [
              -0.002524,
              0.946276,
              -0.32335
            ],
            [
              -0.411115,
              0.293779,
              0.862947
            ]
          ],
          "t": [
            -0.121538,
            0.686616,
            3.821636
          ],
          "e": 0.00001,
          "uniquesol": true
        }
      }
    },
    {
      "id": 1,
      "corners": [
        {
          "x": 633.6,
          "y": 561.46
        },
        {
          "x": 671.51,
          "y": 564.37
        },
        {
          "x": 671.89,
          "y": 523.82
        },
        {
          "x": 633.99,
          "y": 521.77
        }
      ],
      "center": {
        "x": 652.55,
        "y": 542.84
      },
      "pose": {
        "size": 0.15,
        "R": [
          [
            0.941712,
            0.000725,
            -0.336419
          ],
          [
            -0.009739,
            0.999637,
            -0.025107
          ],
          [
            0.336279,
            0.02692,
            0.941378
          ]
        ],
        "t": [
          0.058929,
          0.683991,
          3.741234
        ],
        "e": 0,
        "asol": {
          "R": [
            [
              0.954257,
              0.112144,
              0.277158
            ],
            [
              -0.015401,
              0.944198,
              -0.329018
            ],
            [
              -0.298589,
              0.309699,
              0.902735
            ]
          ],
          "t": [
            0.059889,
            0.684526,
            3.746354
          ],
          "e": 0.000006,
          "uniquesol": true
        }
      }
    },
    {
      "id": 2,
      "corners": [
        {
          "x": 660.77,
          "y": 509.71
        },
        {
          "x": 720.46,
          "y": 511.71
        },
        {
          "x": 721.14,
          "y": 448.05
        },
        {
          "x": 661.22,
          "y": 446.86
        }
      ],
      "center": {
        "x": 690.71,
        "y": 479.14
      },
      "pose": {
        "size": 0.15,
        "R": [
          [
            0.943315,
            -0.011537,
            -0.331699
          ],
          [
            -0.010385,
            0.99788,
            -0.064241
          ],
          [
            0.331737,
            0.064044,
            0.941196
          ]
        ],
        "t": [
          0.128703,
          0.284126,
          2.391154
        ],
        "e": 0.000002,
        "asol": {
          "R": [
            [
              0.967485,
              0.054423,
              0.247006
            ],
            [
              -0.017519,
              0.98865,
              -0.149212
            ],
            [
              -0.252323,
              0.140034,
              0.957457
            ]
          ],
          "t": [
            0.129562,
            0.282994,
            2.383049
          ],
          "e": 0.000006,
          "uniquesol": true
        }
      }
    },
    {
      "id": 3,
      "corners": [
        {
          "x": 589.19,
          "y": 505.78
        },
        {
          "x": 645.56,
          "y": 508.6
        },
        {
          "x": 645.72,
          "y": 446.45
        },
        {
          "x": 589.46,
          "y": 445.07
        }
      ],
      "center": {
        "x": 617.16,
        "y": 476.43
      },
      "pose": {
        "size": 0.15,
        "R": [
          [
            0.927045,
            -0.009284,
            -0.374834
          ],
          [
            -0.002952,
            0.999482,
            -0.032057
          ],
          [
            0.374938,
            0.030825,
            0.926537
          ]
        ],
        "t": [
          -0.048391,
          0.284006,
          2.443325
        ],
        "e": 0,
        "asol": {
          "R": [
            [
              0.914632,
              0.079806,
              0.396332
            ],
            [
              -0.000289,
              0.980452,
              -0.196758
            ],
            [
              -0.404287,
              0.179847,
              0.896776
            ]
          ],
          "t": [
            -0.046809,
            0.283987,
            2.44591
          ],
          "e": 0.000013,
          "uniquesol": true
        }
      }
    },
    {
      "id": 4,
      "corners": [
        {
          "x": 682.53,
          "y": 565.12
        },
        {
          "x": 721.87,
          "y": 567.86
        },
        {
          "x": 722.59,
          "y": 526.48
        },
        {
          "x": 682.97,
          "y": 524.22
        }
      ],
      "center": {
        "x": 702.37,
        "y": 545.99
      },
      "pose": {
        "size": 0.15,
        "R": [
          [
            0.94823,
            0.004193,
            -0.317557
          ],
          [
            -0.014215,
            0.999471,
            -0.029249
          ],
          [
            0.317267,
            0.032249,
            0.947788
          ]
        ],
        "t": [
          0.2404,
          0.680918,
          3.662877
        ],
        "e": 0.000001,
        "asol": {
          "R": [
            [
              0.980025,
              0.093321,
              0.175617
            ],
            [
              -0.035086,
              0.950348,
              -0.309205
            ],
            [
              -0.195753,
              0.296867,
              0.934639
            ]
          ],
          "t": [
            0.241397,
            0.681265,
            3.666827
          ],
          "e": 0.000004,
          "uniquesol": true
        }
      }
    }
  ],
  "img_width": 1280,
  "img_height": 720
}